[ 3952.532558] [Project1] 3472 1587903401.524008101 1587903402.779790577
[ 3954.964912] [Project1] 3473 1587903403.964464605 1587903405.212147257
[ 3957.456006] [Project1] 3474 1587903406.449369115 1587903407.703241997
[ 3959.913061] [Project1] 3475 1587903408.924081663 1587903410.160296610
[ 3962.340726] [Project1] 3476 1587903411.350569314 1587903412.587961726
[ 3964.662293] [Project1] 3477 1587903413.736760658 1587903414.909528323
[ 3967.064725] [Project1] 3478 1587903416.123770053 1587903417.311960494
[ 3969.358952] [Project1] 3479 1587903418.331370405 1587903419.606188112
[ 3971.846890] [Project1] 3480 1587903420.846725310 1587903422.094125408
[ 3974.328844] [Project1] 3484 1587903423.321557752 1587903424.576079573
